1 4 9 1 12 0
2 4 8 1 11 0
3 4 7 1 10 0
4 3 6 1 9 0
5 4 8 1 11 1
6 4 6 1 9 0
7 4 6 1 9 1
8 3 5 1 8 0
9 4 5 1 8 0
10 4 5 1 8 1
11 4 5 1 8 2
12 3 4 1 7 0
13 4 4 1 7 1
14 4 5 1 8 1
15 4 6 1 9 1
16 2 3 1 6 0
17 4 5 1 8 4
18 4 4 1 7 0
19 4 5 1 8 2
20 3 5 1 8 1
21 4 4 1 7 1
22 4 4 1 7 2
23 4 5 1 8 2
24 3 3 1 6 0
25 4 3 1 6 2
26 4 3 1 6 1
27 4 3 1 6 0
28 3 3 1 6 1
29 4 5 1 8 4
30 4 3 1 6 1
31 4 4 1 7 3
32 2 2 1 5 0
33 4 3 1 6 2
34 4 3 1 6 1
35 4 5 1 8 2
36 3 2 1 5 0
37 4 3 1 6 2
38 4 2 1 5 2
39 4 2 1 5 1
40 3 2 1 5 1
41 4 5 1 8 4
42 4 2 1 5 2
43 4 2 1 5 1
44 3 3 2 5 1
45 4 5 2 7 4
46 4 2 1 5 2
47 4 4 2 6 3
48 2 1 1 4 0
49 4 6 1 9 3
50 4 5 1 8 3
51 4 1 1 4 2
52 3 1 1 4 1
53 4 3 2 5 2
54 4 3 2 5 0
55 4 4 2 6 3
56 3 3 2 5 0
57 4 4 2 6 5
58 4 3 2 5 1
59 4 3 2 5 4
60 3 4 2 6 0
61 4 3 2 5 2
62 4 3 2 5 3
63 4 3 2 5 0
64 1 0 1 3 0
65 4 3 2 5 2
66 4 3 2 5 1
67 4 4 2 6 3
68 3 3 2 5 3
69 4 4 2 6 1
70 4 3 2 5 1
71 4 3 2 5 4
72 3 2 2 4 0
73 4 3 2 5 2
74 4 3 2 5 2
75 4 2 2 4 1
76 3 3 2 5 1
77 4 3 2 5 2
78 4 2 2 4 1
79 4 2 2 4 1
80 2 3 2 5 0
81 4 3 2 5 2
82 4 2 2 4 2
83 4 5 2 7 2
84 3 2 2 4 0
85 4 4 2 6 1
86 4 2 2 4 1
87 4 2 2 4 1
88 3 2 2 4 1
89 4 3 2 5 2
90 4 2 2 4 2
91 4 2 2 4 1
92 3 3 2 5 1
93 4 5 2 7 4
94 4 3 2 5 1
95 4 3 2 5 4
96 2 1 2 3 0
97 4 7 2 9 2
98 4 3 2 5 3
99 4 5 2 7 2
100 3 1 2 3 1
101 4 3 2 5 2
102 4 1 2 3 2
103 4 1 2 3 2
104 3 1 2 3 1
105 4 4 3 5 1
106 4 3 3 4 1
107 4 4 3 5 3
108 3 2 3 3 0
109 4 3 3 4 2
110 4 3 3 4 2
111 4 3 3 4 0
112 2 1 2 3 0
113 4 4 3 5 1
114 4 2 3 3 2
115 4 4 3 5 3
116 3 4 3 5 2
117 4 2 3 3 1
118 4 2 3 3 2
119 4 4 3 5 3
120 3 2 3 3 1
121 4 4 3 5 5
122 4 2 3 3 1
123 4 5 3 6 4
124 3 3 3 4 1
125 4 4 3 5 5
126 4 2 3 3 1
127 4 2 3 3 1
128 1 0 2 2 0
129 4 2 3 3 1
130 4 2 3 3 1
131 4 4 3 5 3
132 3 6 3 7 0
133 4 4 3 5 1
134 4 2 3 3 1
135 4 6 3 7 1
136 3 2 3 3 1
137 4 5 3 6 0
138 4 2 3 3 2
139 4 2 3 3 1
140 3 4 3 5 0
141 4 4 3 5 1
142 4 2 3 3 1
143 4 6 3 7 1
144 2 1 3 2 0
145 4 5 3 6 4
146 4 4 3 5 0
147 4 5 3 6 2
148 3 2 3 3 0
149 4 4 3 5 1
150 4 4 3 5 2
151 4 5 3 6 2
152 3 1 3 2 1
153 4 1 3 2 2
154 4 1 3 2 2
155 4 3 5 2 2
156 3 1 3 2 1
157 4 3 4 3 2
158 4 5 4 5 3
159 4 6 4 6 1
160 2 1 3 2 0
161 4 6 4 6 3
162 4 3 4 3 3
163 4 5 4 5 2
164 3 5 4 5 1
165 4 2 4 2 1
166 4 2 4 2 2
167 4 5 4 5 2
168 3 2 4 2 1
169 4 2 4 2 1
170 4 2 4 2 1
171 4 4 5 3 1
172 3 2 4 2 0
173 4 5 4 5 4
174 4 2 4 2 2
175 4 3 4 3 0
176 2 3 5 2 0
177 4 2 4 2 1
178 4 2 4 2 2
179 4 3 5 2 2
180 3 3 5 2 1
181 4 2 4 2 1
182 4 3 5 2 2
183 4 3 5 2 2
184 3 2 4 2 1
185 4 3 5 2 4
186 4 3 5 2 3
187 4 6 5 5 1
188 3 3 5 2 3
189 4 4 5 3 3
190 4 3 5 2 3
191 4 3 5 2 2
192 1 0 3 1 0
193 4 9 4 9 0
194 4 8 4 8 0
195 4 7 4 7 0
196 3 6 4 6 0
197 4 8 4 8 1
198 4 6 4 6 0
199 4 6 4 6 1
200 3 5 4 5 0
201 4 5 4 5 0
202 4 5 4 5 1
203 4 3 5 2 2
204 3 1 4 1 1
205 4 1 4 1 2
206 4 3 5 2 2
207 4 7 5 6 0
208 2 1 4 1 0
209 4 6 5 5 3
210 4 2 5 1 2
211 4 6 5 5 1
212 3 3 5 2 1
213 4 2 5 1 1
214 4 2 5 1 2
215 4 6 5 5 1
216 3 2 5 1 1
217 4 2 5 1 1
218 4 2 5 1 2
219 4 3 6 1 2
220 3 2 5 1 0
221 4 7 6 5 2
222 4 3 6 1 5
223 4 3 6 1 2
224 2 2 5 1 0
225 4 9 6 7 0
226 4 3 6 1 1
227 4 7 6 5 0
228 3 3 6 1 1
229 4 3 6 1 0
230 4 3 6 1 1
231 4 3 6 1 2
232 3 3 6 1 0
233 4 8 7 5 1
234 4 4 7 1 2
235 4 4 7 1 1
236 3 5 8 1 1
237 4 5 8 1 2
238 4 4 7 1 2
239 4 5 8 1 4
240 2 3 6 1 0
241 4 9 7 6 0
242 4 8 7 5 0
243 4 4 7 1 1
244 3 4 7 1 0
245 4 5 8 1 2
246 4 5 8 1 1
247 4 5 8 1 0
248 3 5 8 1 0
249 4 6 9 1 1
250 4 6 9 1 0
251 4 8 11 1 1
252 3 6 9 1 0
253 4 7 10 1 0
254 4 8 11 1 0
255 4 9 12 1 0
