1 4 9 1 12 0
2 4 8 1 11 0
3 4 7 1 10 0
4 3 6 1 9 0
5 4 9 2 11 0
6 4 6 1 9 0
7 4 7 2 9 0
8 3 5 1 8 0
9 4 5 1 8 0
10 4 8 2 10 0
11 4 9 5 8 0
12 3 4 1 7 0
13 4 7 4 7 0
14 4 6 2 8 0
15 4 7 2 9 0
16 2 3 1 6 0
17 4 9 2 11 0
18 4 4 1 7 0
19 4 7 2 9 0
20 3 6 2 8 0
21 4 5 2 7 0
22 4 6 2 8 0
23 4 7 3 8 0
24 3 3 1 6 0
25 4 5 2 7 0
26 4 8 3 9 0
27 4 3 1 6 0
28 3 4 2 6 0
29 4 7 5 6 0
30 4 6 2 8 0
31 4 7 3 8 0
32 2 2 1 5 0
33 4 9 3 10 0
34 4 8 2 10 0
35 4 7 3 8 0
36 3 2 1 5 0
37 4 5 3 6 0
38 4 6 2 8 0
39 4 5 4 5 0
40 3 5 2 7 0
41 4 7 5 6 0
42 4 4 2 6 0
43 4 5 4 5 0
44 3 6 5 5 0
45 4 5 2 7 0
46 4 6 3 7 0
47 4 9 8 5 0
48 2 1 1 4 0
49 4 9 4 9 0
50 4 4 2 6 0
51 4 7 2 9 0
52 3 4 4 4 0
53 4 9 5 8 0
54 4 3 2 5 0
55 4 5 5 4 0
56 3 3 2 5 0
57 4 5 2 7 0
58 4 6 5 5 0
59 4 9 8 5 0
60 3 4 2 6 0
61 4 7 7 4 0
62 4 6 3 7 0
63 4 3 2 5 0
64 1 0 1 3 0
65 4 9 2 11 0
66 4 4 2 6 0
67 4 7 2 9 0
68 3 6 2 8 0
69 4 5 3 6 0
70 4 6 2 8 0
71 4 7 3 8 0
72 3 2 2 4 0
73 4 5 2 7 0
74 4 4 3 5 0
75 4 3 2 5 0
76 3 4 2 6 0
77 4 7 5 6 0
78 4 6 3 7 0
79 4 7 3 8 0
80 2 3 2 5 0
81 4 3 3 4 0
82 4 4 2 6 0
83 4 7 3 8 0
84 3 2 2 4 0
85 4 5 3 6 0
86 4 6 3 7 0
87 4 7 4 7 0
88 3 3 2 5 0
89 4 5 3 6 0
90 4 3 3 4 0
91 4 3 2 5 0
92 3 4 3 5 0
93 4 5 3 6 0
94 4 6 3 7 0
95 4 7 4 7 0
96 2 1 2 3 0
97 4 9 4 9 0
98 4 8 3 9 0
99 4 7 3 8 0
100 3 2 2 4 0
101 4 5 4 5 0
102 4 3 3 4 0
103 4 5 5 4 0
104 3 5 3 6 0
105 4 5 3 6 0
106 4 4 3 5 0
107 4 5 5 4 0
108 3 2 3 3 0
109 4 5 3 6 0
110 4 6 4 6 0
111 4 3 3 4 0
112 2 1 2 3 0
113 4 9 5 8 0
114 4 4 3 5 0
115 4 7 3 8 0
116 3 4 5 3 0
117 4 3 4 3 0
118 4 3 3 4 0
119 4 5 6 3 0
120 3 2 3 3 0
121 4 5 3 6 0
122 4 6 6 4 0
123 4 5 5 4 0
124 3 4 3 5 0
125 4 7 8 3 0
126 4 6 4 6 0
127 4 3 3 4 0
128 1 0 2 2 0
129 4 9 3 10 0
130 4 4 3 5 0
131 4 7 3 8 0
132 3 6 3 7 0
133 4 5 4 5 0
134 4 6 3 7 0
135 4 7 4 7 0
136 3 2 3 3 0
137 4 5 3 6 0
138 4 3 4 3 0
139 4 3 3 4 0
140 3 4 3 5 0
141 4 7 6 5 0
142 4 6 4 6 0
143 4 7 4 7 0
144 2 1 3 2 0
145 4 3 4 3 0
146 4 4 3 5 0
147 4 7 4 7 0
148 3 2 3 3 0
149 4 5 4 5 0
150 4 6 4 6 0
151 4 7 5 6 0
152 3 3 3 4 0
153 4 5 4 5 0
154 4 3 4 3 0
155 4 5 5 4 0
156 3 2 4 2 0
157 4 5 4 5 0
158 4 6 4 6 0
159 4 7 5 6 0
160 2 1 3 2 0
161 4 9 5 8 0
162 4 8 4 8 0
163 4 7 4 7 0
164 3 4 5 3 0
165 4 3 5 2 0
166 4 3 4 3 0
167 4 5 6 3 0
168 3 5 4 5 0
169 4 5 4 5 0
170 4 4 4 4 0
171 4 5 6 3 0
172 3 2 4 2 0
173 4 7 8 3 0
174 4 6 5 5 0
175 4 3 4 3 0
176 2 3 5 2 0
177 4 9 6 7 0
178 4 4 4 4 0
179 4 7 6 5 0
180 3 4 6 2 0
181 4 3 5 2 0
182 4 4 5 3 0
183 4 5 7 2 0
184 3 2 4 2 0
185 4 7 8 3 0
186 4 6 7 3 0
187 4 5 6 3 0
188 3 6 8 2 0
189 4 7 9 2 0
190 4 6 5 5 0
191 4 9 11 2 0
192 1 0 3 1 0
193 4 9 4 9 0
194 4 8 4 8 0
195 4 7 4 7 0
196 3 6 4 6 0
197 4 9 5 8 0
198 4 6 4 6 0
199 4 7 5 6 0
200 3 5 4 5 0
201 4 5 4 5 0
202 4 3 5 2 0
203 4 9 8 5 0
204 3 4 4 4 0
205 4 7 7 4 0
206 4 6 5 5 0
207 4 7 5 6 0
208 2 1 4 1 0
209 4 9 5 8 0
210 4 5 5 4 0
211 4 7 5 6 0
212 3 6 5 5 0
213 4 5 5 4 0
214 4 6 5 5 0
215 4 7 6 5 0
216 3 4 5 3 0
217 4 5 5 4 0
218 4 8 6 6 0
219 4 5 6 3 0
220 3 2 5 1 0
221 4 7 8 3 0
222 4 5 6 3 0
223 4 7 6 5 0
224 2 2 5 1 0
225 4 9 6 7 0
226 4 5 6 3 0
227 4 7 6 5 0
228 3 4 6 2 0
229 4 3 6 1 0
230 4 6 6 4 0
231 4 5 7 2 0
232 3 3 6 1 0
233 4 7 8 3 0
234 4 8 7 5 0
235 4 5 7 2 0
236 3 6 8 2 0
237 4 7 9 2 0
238 4 4 7 1 0
239 4 9 11 2 0
240 2 3 6 1 0
241 4 9 7 6 0
242 4 8 7 5 0
243 4 7 7 4 0
244 3 4 7 1 0
245 4 9 8 5 0
246 4 7 8 3 0
247 4 5 8 1 0
248 3 5 8 1 0
249 4 7 9 2 0
250 4 6 9 1 0
251 4 9 11 2 0
252 3 6 9 1 0
253 4 7 10 1 0
254 4 8 11 1 0
255 4 9 12 1 0
