[(1, 2), (2, 24), (3, 38)]
[(1, 12), (2, 41), (3, 11)]
[(1, 11), (2, 35), (3, 18)]
[(1, 32), (2, 16), (3, 16)]
[(1, 22), (2, 16), (3, 26)]
[(1, 28), (2, 32), (3, 4)]
[(1, 13), (2, 29), (3, 22)]
[(1, 12), (2, 25), (3, 27)]
[(1, 29), (2, 30), (3, 5)]
[(1, 9), (2, 7), (3, 48)]
[(1, 21), (2, 15), (3, 28)]
[(1, 2), (2, 11), (3, 51)]
[(1, 16), (2, 34), (3, 14)]
[(1, 41), (2, 14), (3, 9)]
[(1, 58), (2, 4), (3, 2)]
[(1, 42), (2, 15), (3, 7)]
[(1, 9), (2, 41), (3, 14)]
[(1, 4), (2, 19), (3, 41)]
[(1, 10), (2, 40), (3, 14)]
[(1, 4), (2, 50), (3, 10)]
[(1, 14), (2, 20), (3, 30)]
[(1, 55), (2, 6), (3, 3)]
[(1, 22), (2, 9), (3, 33)]
[(1, 14), (2, 20), (3, 30)]
[(1, 2), (2, 5), (3, 57)]
[(1, 12), (2, 15), (3, 37)]
[(1, 33), (2, 2), (3, 29)]
[(1, 13), (2, 37), (3, 14)]
[(1, 27), (2, 29), (3, 8)]
[(1, 9), (2, 22), (3, 33)]
[(1, 4), (2, 2), (3, 58)]
[(1, 28), (2, 13), (3, 23)]
[(1, 17), (2, 28), (3, 19)]
[(1, 21), (2, 35), (3, 8)]
[(1, 26), (2, 12), (3, 26)]
[(1, 22), (2, 23), (3, 19)]
[(1, 3), (2, 3), (3, 58)]
[(1, 4), (2, 42), (3, 18)]
[(1, 4), (2, 14), (3, 46)]
[(1, 42), (2, 15), (3, 7)]
[(1, 2), (2, 55), (3, 7)]
[(1, 31), (2, 2), (3, 31)]
[(1, 43), (2, 6), (3, 15)]
[(1, 45), (2, 9), (3, 10)]
[(1, 48), (2, 9), (3, 7)]
[(1, 30), (2, 10), (3, 24)]
[(1, 10), (2, 42), (3, 12)]
[(1, 14), (2, 41), (3, 9)]
[(1, 34), (2, 26), (3, 4)]
[(1, 11), (2, 30), (3, 23)]
[(1, 21), (2, 4), (3, 39)]
[(1, 15), (2, 31), (3, 18)]
[(1, 12), (2, 7), (3, 45)]
[(1, 50), (2, 10), (3, 4)]
[(1, 43), (2, 4), (3, 17)]
[(1, 3), (2, 42), (3, 19)]
[(1, 10), (2, 16), (3, 38)]
[(1, 10), (2, 5), (3, 49)]
[(1, 38), (2, 11), (3, 15)]
[(1, 17), (2, 42), (3, 5)]
[(1, 2), (2, 2), (3, 60)]
[(1, 22), (2, 26), (3, 16)]
[(1, 2), (2, 5), (3, 57)]
[(1, 4), (2, 57), (3, 3)]
[(1, 5), (2, 18), (3, 41)]
[(1, 7), (2, 14), (3, 43)]
[(1, 56), (2, 4), (3, 4)]
[(1, 23), (2, 24), (3, 17)]
[(1, 49), (2, 4), (3, 11)]
[(1, 41), (2, 20), (3, 3)]
[(1, 13), (2, 47), (3, 4)]
[(1, 41), (2, 9), (3, 14)]
[(1, 21), (2, 39), (3, 4)]
[(1, 11), (2, 32), (3, 21)]
[(1, 15), (2, 38), (3, 11)]
[(1, 45), (2, 12), (3, 7)]
[(1, 27), (2, 12), (3, 25)]
[(1, 12), (2, 12), (3, 40)]
[(1, 14), (2, 14), (3, 36)]
[(1, 8), (2, 31), (3, 25)]
[(1, 34), (2, 11), (3, 19)]
[(1, 20), (2, 7), (3, 37)]
[(1, 7), (2, 19), (3, 38)]
[(1, 8), (2, 4), (3, 52)]
[(1, 33), (2, 4), (3, 27)]
[(1, 16), (2, 3), (3, 45)]
[(1, 39), (2, 12), (3, 13)]
[(1, 17), (2, 34), (3, 13)]
[(1, 2), (2, 32), (3, 30)]
[(1, 45), (2, 3), (3, 16)]
[(1, 27), (2, 12), (3, 25)]
[(1, 13), (2, 13), (3, 38)]
[(1, 6), (2, 2), (3, 56)]
[(1, 32), (2, 26), (3, 6)]
[(1, 11), (2, 31), (3, 22)]
[(1, 8), (2, 52), (3, 4)]
[(1, 17), (2, 12), (3, 35)]
[(1, 17), (2, 16), (3, 31)]
[(1, 40), (2, 16), (3, 8)]
[(1, 48), (2, 4), (3, 12)]
[(1, 22), (2, 35), (3, 7)]
[(1, 36), (2, 18), (3, 10)]
[(1, 24), (2, 35), (3, 5)]
[(1, 2), (2, 60), (3, 2)]
[(1, 27), (2, 12), (3, 25)]
[(1, 38), (2, 3), (3, 23)]
[(1, 6), (2, 3), (3, 55)]
[(1, 40), (2, 5), (3, 19)]
[(1, 3), (2, 58), (3, 3)]
[(1, 10), (2, 17), (3, 37)]
[(1, 32), (2, 13), (3, 19)]
[(1, 13), (2, 16), (3, 35)]
[(1, 28), (2, 8), (3, 28)]
[(1, 15), (2, 16), (3, 33)]
[(1, 48), (2, 5), (3, 11)]
[(1, 28), (2, 4), (3, 32)]
[(1, 30), (2, 8), (3, 26)]
[(1, 13), (2, 8), (3, 43)]
[(1, 53), (2, 3), (3, 8)]
[(1, 21), (2, 22), (3, 21)]
[(1, 32), (2, 7), (3, 25)]
[(1, 26), (2, 26), (3, 12)]
[(1, 31), (2, 23), (3, 10)]
[(1, 2), (2, 52), (3, 10)]
[(1, 33), (2, 5), (3, 26)]
[(1, 12), (2, 50), (3, 2)]
[(1, 6), (2, 30), (3, 28)]
[(1, 23), (2, 38), (3, 3)]
[(1, 46), (2, 13), (3, 5)]
[(1, 23), (2, 2), (3, 39)]
[(1, 7), (2, 7), (3, 50)]
[(1, 53), (2, 8), (3, 3)]
[(1, 36), (2, 16), (3, 12)]
[(1, 19), (2, 9), (3, 36)]
[(1, 26), (2, 13), (3, 25)]
[(1, 25), (2, 11), (3, 28)]
[(1, 11), (2, 34), (3, 19)]
[(1, 5), (2, 7), (3, 52)]
[(1, 33), (2, 16), (3, 15)]
[(1, 39), (2, 19), (3, 6)]
[(1, 21), (2, 25), (3, 18)]
[(1, 2), (2, 14), (3, 48)]
[(1, 22), (2, 23), (3, 19)]
[(1, 14), (2, 36), (3, 14)]
[(1, 12), (2, 15), (3, 37)]
[(1, 14), (2, 15), (3, 35)]
[(1, 57), (2, 3), (3, 4)]
[(1, 53), (2, 5), (3, 6)]
[(1, 3), (2, 18), (3, 43)]
[(1, 42), (2, 4), (3, 18)]
[(1, 24), (2, 10), (3, 30)]
[(1, 13), (2, 27), (3, 24)]
[(1, 6), (2, 17), (3, 41)]
[(1, 24), (2, 18), (3, 22)]
[(1, 13), (2, 17), (3, 34)]
[(1, 18), (2, 3), (3, 43)]
[(1, 4), (2, 46), (3, 14)]
[(1, 24), (2, 15), (3, 25)]
[(1, 35), (2, 8), (3, 21)]
[(1, 13), (2, 41), (3, 10)]
[(1, 40), (2, 15), (3, 9)]
[(1, 9), (2, 27), (3, 28)]
[(1, 9), (2, 40), (3, 15)]
[(1, 4), (2, 2), (3, 58)]
[(1, 29), (2, 25), (3, 10)]
[(1, 46), (2, 5), (3, 13)]
[(1, 11), (2, 4), (3, 49)]
[(1, 31), (2, 7), (3, 26)]
[(1, 35), (2, 5), (3, 24)]
[(1, 5), (2, 55), (3, 4)]
[(1, 17), (2, 35), (3, 12)]
[(1, 26), (2, 10), (3, 28)]
[(1, 52), (2, 5), (3, 7)]
[(1, 15), (2, 6), (3, 43)]
[(1, 12), (2, 20), (3, 32)]
[(1, 18), (2, 16), (3, 30)]
[(1, 23), (2, 4), (3, 37)]
[(1, 3), (2, 24), (3, 37)]
[(1, 11), (2, 9), (3, 44)]
[(1, 9), (2, 35), (3, 20)]
[(1, 29), (2, 29), (3, 6)]
[(1, 7), (2, 32), (3, 25)]
[(1, 43), (2, 16), (3, 5)]
[(1, 6), (2, 38), (3, 20)]
[(1, 38), (2, 9), (3, 17)]
[(1, 17), (2, 29), (3, 18)]
[(1, 22), (2, 39), (3, 3)]
[(1, 42), (2, 9), (3, 13)]
[(1, 52), (2, 6), (3, 6)]
[(1, 24), (2, 30), (3, 10)]
[(1, 14), (2, 8), (3, 42)]
[(1, 33), (2, 11), (3, 20)]
[(1, 17), (2, 37), (3, 10)]
[(1, 33), (2, 26), (3, 5)]
[(1, 8), (2, 32), (3, 24)]
[(1, 3), (2, 9), (3, 52)]
[(1, 28), (2, 34), (3, 2)]
[(1, 21), (2, 11), (3, 32)]
[(1, 13), (2, 18), (3, 33)]
[(1, 12), (2, 14), (3, 38)]
[(1, 117), (2, 56), (3, 33), (4, 50)]
[(1, 89), (2, 33), (3, 49), (4, 85)]
[(1, 68), (2, 10), (3, 118), (4, 60)]
[(1, 11), (2, 166), (3, 29), (4, 50)]
[(1, 9), (2, 10), (3, 25), (4, 212)]
[(1, 120), (2, 24), (3, 65), (4, 47)]
[(1, 4), (2, 109), (3, 25), (4, 118)]
[(1, 56), (2, 17), (3, 140), (4, 43)]
[(1, 118), (2, 37), (3, 37), (4, 64)]
[(1, 8), (2, 9), (3, 145), (4, 94)]
[(1, 159), (2, 30), (3, 60), (4, 7)]
[(1, 128), (2, 46), (3, 23), (4, 59)]
[(1, 87), (2, 12), (3, 66), (4, 91)]
[(1, 105), (2, 27), (3, 96), (4, 28)]
[(1, 130), (2, 3), (3, 88), (4, 35)]
[(1, 83), (2, 78), (3, 88), (4, 7)]
[(1, 36), (2, 84), (3, 30), (4, 106)]
[(1, 36), (2, 72), (3, 99), (4, 49)]
[(1, 22), (2, 170), (3, 60), (4, 4)]
[(1, 92), (2, 4), (3, 80), (4, 80)]
[(1, 24), (2, 48), (3, 148), (4, 36)]
[(1, 108), (2, 134), (3, 6), (4, 8)]
[(1, 93), (2, 49), (3, 36), (4, 78)]
[(1, 71), (2, 13), (3, 83), (4, 89)]
[(1, 167), (2, 43), (3, 19), (4, 27)]
[(1, 28), (2, 56), (3, 155), (4, 17)]
[(1, 13), (2, 61), (3, 109), (4, 73)]
[(1, 115), (2, 19), (3, 25), (4, 97)]
[(1, 81), (2, 27), (3, 102), (4, 46)]
[(1, 121), (2, 15), (3, 2), (4, 118)]
[(1, 49), (2, 57), (3, 9), (4, 141)]
[(1, 141), (2, 15), (3, 55), (4, 45)]
[(1, 3), (2, 65), (3, 107), (4, 81)]
[(1, 112), (2, 26), (3, 115), (4, 3)]
[(1, 88), (2, 90), (3, 73), (4, 5)]
[(1, 134), (2, 3), (3, 84), (4, 35)]
[(1, 22), (2, 196), (3, 16), (4, 22)]
[(1, 27), (2, 58), (3, 51), (4, 120)]
[(1, 16), (2, 84), (3, 21), (4, 135)]
[(1, 184), (2, 49), (3, 6), (4, 17)]
[(1, 76), (2, 124), (3, 43), (4, 13)]
[(1, 29), (2, 83), (3, 80), (4, 64)]
[(1, 62), (2, 106), (3, 54), (4, 34)]
[(1, 104), (2, 8), (3, 96), (4, 48)]
[(1, 38), (2, 11), (3, 47), (4, 160)]
[(1, 39), (2, 54), (3, 36), (4, 127)]
[(1, 161), (2, 11), (3, 45), (4, 39)]
[(1, 18), (2, 17), (3, 69), (4, 152)]
[(1, 49), (2, 72), (3, 111), (4, 24)]
[(1, 151), (2, 43), (3, 30), (4, 32)]
[(1, 21), (2, 21), (3, 77), (4, 137)]
[(1, 51), (2, 21), (3, 90), (4, 94)]
[(1, 9), (2, 53), (3, 49), (4, 145)]
[(1, 183), (2, 14), (3, 55), (4, 4)]
[(1, 72), (2, 89), (3, 25), (4, 70)]
[(1, 22), (2, 94), (3, 64), (4, 76)]
[(1, 19), (2, 72), (3, 102), (4, 63)]
[(1, 10), (2, 64), (3, 65), (4, 117)]
[(1, 131), (2, 6), (3, 19), (4, 100)]
[(1, 117), (2, 42), (3, 71), (4, 26)]
[(1, 33), (2, 121), (3, 74), (4, 28)]
[(1, 114), (2, 63), (3, 66), (4, 13)]
[(1, 14), (2, 163), (3, 56), (4, 23)]
[(1, 41), (2, 84), (3, 109), (4, 22)]
[(1, 36), (2, 199), (3, 14), (4, 7)]
[(1, 12), (2, 27), (3, 82), (4, 135)]
[(1, 25), (2, 128), (3, 86), (4, 17)]
[(1, 34), (2, 5), (3, 194), (4, 23)]
[(1, 27), (2, 134), (3, 77), (4, 18)]
[(1, 13), (2, 10), (3, 89), (4, 144)]
[(1, 8), (2, 8), (3, 61), (4, 179)]
[(1, 6), (2, 30), (3, 123), (4, 97)]
[(1, 189), (2, 7), (3, 32), (4, 28)]
[(1, 63), (2, 64), (3, 68), (4, 61)]
[(1, 32), (2, 25), (3, 30), (4, 169)]
[(1, 66), (2, 128), (3, 31), (4, 31)]
[(1, 132), (2, 17), (3, 97), (4, 10)]
[(1, 95), (2, 5), (3, 7), (4, 149)]
[(1, 162), (2, 32), (3, 60), (4, 2)]
[(1, 17), (2, 15), (3, 52), (4, 172)]
[(1, 47), (2, 111), (3, 68), (4, 30)]
[(1, 192), (2, 42), (3, 16), (4, 6)]
[(1, 121), (2, 69), (3, 11), (4, 55)]
[(1, 45), (2, 65), (3, 112), (4, 34)]
[(1, 16), (2, 40), (3, 129), (4, 71)]
[(1, 50), (2, 100), (3, 36), (4, 70)]
[(1, 109), (2, 91), (3, 45), (4, 11)]
[(1, 17), (2, 14), (3, 99), (4, 126)]
[(1, 7), (2, 15), (3, 132), (4, 102)]
[(1, 5), (2, 23), (3, 94), (4, 134)]
[(1, 78), (2, 82), (3, 84), (4, 12)]
[(1, 226), (2, 8), (3, 6), (4, 16)]
[(1, 107), (2, 26), (3, 102), (4, 21)]
[(1, 154), (2, 24), (3, 66), (4, 12)]
[(1, 52), (2, 50), (3, 48), (4, 106)]
[(1, 3), (2, 16), (3, 111), (4, 126)]
[(1, 9), (2, 39), (3, 189), (4, 19)]
[(1, 184), (2, 27), (3, 43), (4, 2)]
[(1, 56), (2, 55), (3, 89), (4, 56)]
[(1, 111), (2, 9), (3, 59), (4, 77)]
[(1, 7), (2, 118), (3, 119), (4, 12)]
[(1, 7), (2, 10), (3, 174), (4, 65)]
[(1, 191), (2, 43), (3, 3), (4, 19)]
[(1, 70), (2, 154), (3, 21), (4, 11)]
[(1, 24), (2, 15), (3, 33), (4, 184)]
[(1, 14), (2, 2), (3, 218), (4, 22)]
[(1, 33), (2, 74), (3, 69), (4, 80)]
[(1, 7), (2, 34), (3, 29), (4, 186)]
[(1, 173), (2, 6), (3, 57), (4, 20)]
[(1, 10), (2, 24), (3, 216), (4, 6)]
[(1, 78), (2, 72), (3, 3), (4, 103)]
[(1, 34), (2, 12), (3, 36), (4, 174)]
[(1, 15), (2, 86), (3, 52), (4, 103)]
[(1, 29), (2, 139), (3, 20), (4, 68)]
[(1, 22), (2, 70), (3, 88), (4, 76)]
[(1, 59), (2, 140), (3, 27), (4, 30)]
[(1, 63), (2, 24), (3, 165), (4, 4)]
[(1, 91), (2, 67), (3, 95), (4, 3)]
[(1, 5), (2, 115), (3, 110), (4, 26)]
[(1, 17), (2, 86), (3, 120), (4, 33)]
[(1, 36), (2, 77), (3, 109), (4, 34)]
[(1, 131), (2, 3), (3, 26), (4, 96)]
[(1, 19), (2, 44), (3, 40), (4, 153)]
[(1, 43), (2, 28), (3, 59), (4, 126)]
[(1, 18), (2, 37), (3, 92), (4, 109)]
[(1, 19), (2, 90), (3, 75), (4, 72)]
[(1, 26), (2, 9), (3, 49), (4, 172)]
[(1, 139), (2, 53), (3, 55), (4, 9)]
[(1, 19), (2, 7), (3, 41), (4, 189)]
[(1, 61), (2, 41), (3, 151), (4, 3)]
[(1, 52), (2, 42), (3, 62), (4, 100)]
[(1, 27), (2, 63), (3, 108), (4, 58)]
[(1, 141), (2, 54), (3, 20), (4, 41)]
[(1, 62), (2, 132), (3, 47), (4, 15)]
[(1, 5), (2, 19), (3, 85), (4, 147)]
[(1, 91), (2, 32), (3, 97), (4, 36)]
[(1, 37), (2, 29), (3, 26), (4, 164)]
[(1, 36), (2, 27), (3, 118), (4, 75)]
[(1, 58), (2, 18), (3, 57), (4, 123)]
[(1, 7), (2, 117), (3, 111), (4, 21)]
[(1, 117), (2, 97), (3, 8), (4, 34)]
[(1, 44), (2, 68), (3, 75), (4, 69)]
[(1, 9), (2, 23), (3, 14), (4, 210)]
[(1, 7), (2, 33), (3, 33), (4, 183)]
[(1, 48), (2, 35), (3, 159), (4, 14)]
[(1, 138), (2, 8), (3, 100), (4, 10)]
[(1, 10), (2, 20), (3, 164), (4, 62)]
[(1, 38), (2, 204), (3, 12), (4, 2)]
[(1, 86), (2, 25), (3, 22), (4, 123)]
[(1, 47), (2, 22), (3, 110), (4, 77)]
[(1, 82), (2, 56), (3, 115), (4, 3)]
[(1, 26), (2, 165), (3, 17), (4, 48)]
[(1, 46), (2, 82), (3, 57), (4, 71)]
[(1, 12), (2, 149), (3, 72), (4, 23)]
[(1, 73), (2, 143), (3, 33), (4, 7)]
[(1, 66), (2, 15), (3, 55), (4, 120)]
[(1, 71), (2, 108), (3, 67), (4, 10)]
[(1, 88), (2, 74), (3, 51), (4, 43)]
[(1, 80), (2, 6), (3, 116), (4, 54)]
[(1, 87), (2, 76), (3, 45), (4, 48)]
[(1, 54), (2, 112), (3, 7), (4, 83)]
[(1, 108), (2, 54), (3, 2), (4, 92)]
[(1, 51), (2, 134), (3, 28), (4, 43)]
[(1, 14), (2, 31), (3, 174), (4, 37)]
[(1, 135), (2, 97), (3, 18), (4, 6)]
[(1, 8), (2, 180), (3, 7), (4, 61)]
[(1, 64), (2, 15), (3, 37), (4, 140)]
[(1, 14), (2, 104), (3, 42), (4, 96)]
[(1, 207), (2, 24), (3, 2), (4, 23)]
[(1, 25), (2, 89), (3, 94), (4, 48)]
[(1, 97), (2, 68), (3, 81), (4, 10)]
[(1, 113), (2, 45), (3, 22), (4, 76)]
[(1, 57), (2, 67), (3, 87), (4, 45)]
[(1, 14), (2, 59), (3, 84), (4, 99)]
[(1, 45), (2, 38), (3, 101), (4, 72)]
[(1, 125), (2, 7), (3, 110), (4, 14)]
[(1, 13), (2, 153), (3, 3), (4, 87)]
[(1, 57), (2, 19), (3, 10), (4, 170)]
[(1, 91), (2, 99), (3, 29), (4, 37)]
[(1, 93), (2, 96), (3, 29), (4, 38)]
[(1, 81), (2, 5), (3, 57), (4, 113)]
[(1, 123), (2, 3), (3, 106), (4, 24)]
[(1, 49), (2, 90), (3, 81), (4, 36)]
[(1, 19), (2, 10), (3, 8), (4, 219)]
[(1, 4), (2, 64), (3, 138), (4, 50)]
[(1, 59), (2, 55), (3, 70), (4, 72)]
[(1, 22), (2, 151), (3, 11), (4, 72)]
[(1, 60), (2, 66), (3, 67), (4, 63)]
[(1, 81), (2, 130), (3, 4), (4, 41)]
[(1, 40), (2, 17), (3, 197), (4, 2)]
[(1, 94), (2, 107), (3, 27), (4, 28)]
[(1, 10), (2, 11), (3, 59), (4, 176)]
[(1, 133), (2, 41), (3, 64), (4, 18)]
[(1, 28), (2, 46), (3, 56), (4, 126)]
[(1, 11), (2, 118), (3, 116), (4, 11)]
[(1, 128), (2, 6), (3, 89), (4, 33)]
[(1, 80), (2, 65), (3, 98), (4, 13)]
[(1, 131), (2, 8), (3, 110), (4, 7)]
[(1, 127), (2, 105), (3, 2), (4, 22)]
[(1, 86), (2, 69), (3, 57), (4, 44)]
[(1, 79), (2, 35), (3, 30), (4, 112)]
[(1, 37), (2, 81), (3, 117), (4, 21)]
[(1, 181), (2, 2), (3, 14), (4, 59)]
[(1, 49), (2, 36), (3, 85), (4, 86)]
[(1, 9), (2, 146), (3, 2), (4, 99)]
[(1, 45), (2, 107), (3, 35), (4, 69)]
[(1, 65), (2, 26), (3, 9), (4, 156)]
[(1, 113), (2, 34), (3, 69), (4, 40)]
[(1, 178), (2, 10), (3, 60), (4, 8)]
[(1, 135), (2, 3), (3, 50), (4, 68)]
[(1, 40), (2, 10), (3, 115), (4, 91)]
[(1, 48), (2, 41), (3, 20), (4, 147)]
[(1, 49), (2, 2), (3, 173), (4, 32)]
[(1, 7), (2, 121), (3, 65), (4, 63)]
[(1, 86), (2, 23), (3, 102), (4, 45)]
[(1, 39), (2, 38), (3, 22), (4, 157)]
[(1, 59), (2, 2), (3, 44), (4, 151)]
[(1, 35), (2, 47), (3, 98), (4, 76)]
[(1, 177), (2, 22), (3, 43), (4, 14)]
[(1, 8), (2, 21), (3, 112), (4, 115)]
[(1, 95), (2, 3), (3, 7), (4, 151)]
[(1, 66), (2, 126), (3, 29), (4, 35)]
[(1, 73), (2, 20), (3, 16), (4, 147)]
[(1, 44), (2, 45), (3, 2), (4, 165)]
[(1, 36), (2, 75), (3, 11), (4, 134)]
[(1, 46), (2, 28), (3, 102), (4, 80)]
[(1, 70), (2, 94), (3, 69), (4, 23)]
[(1, 106), (2, 20), (3, 126), (4, 4)]
[(1, 61), (2, 101), (3, 72), (4, 22)]
[(1, 40), (2, 61), (3, 53), (4, 102)]
[(1, 67), (2, 3), (3, 29), (4, 157)]
[(1, 158), (2, 4), (3, 74), (4, 20)]
[(1, 206), (2, 16), (3, 5), (4, 29)]
[(1, 111), (2, 21), (3, 117), (4, 7)]
[(1, 66), (2, 65), (3, 65), (4, 60)]
[(1, 93), (2, 20), (3, 140), (4, 3)]
[(1, 100), (2, 10), (3, 37), (4, 109)]
[(1, 89), (2, 24), (3, 63), (4, 80)]
[(1, 133), (2, 32), (3, 18), (4, 73)]
[(1, 14), (2, 63), (3, 29), (4, 150)]
[(1, 153), (2, 23), (3, 11), (4, 69)]
[(1, 15), (2, 131), (3, 78), (4, 32)]
[(1, 46), (2, 32), (3, 86), (4, 92)]
[(1, 34), (2, 206), (3, 10), (4, 6)]
[(1, 36), (2, 77), (3, 82), (4, 61)]
[(1, 10), (2, 142), (3, 23), (4, 81)]
[(1, 118), (2, 21), (3, 84), (4, 33)]
[(1, 7), (2, 67), (3, 69), (4, 113)]
[(1, 76), (2, 69), (3, 98), (4, 13)]
[(1, 191), (2, 3), (3, 34), (4, 28)]
[(1, 99), (2, 35), (3, 120), (4, 2)]
[(1, 48), (2, 138), (3, 13), (4, 57)]
[(1, 88), (2, 50), (3, 67), (4, 51)]
[(1, 16), (2, 48), (3, 150), (4, 42)]
[(1, 112), (2, 35), (3, 104), (4, 5)]
[(1, 31), (2, 30), (3, 156), (4, 39)]
[(1, 14), (2, 35), (3, 146), (4, 61)]
[(1, 32), (2, 3), (3, 80), (4, 141)]
[(1, 78), (2, 5), (3, 156), (4, 17)]
[(1, 243), (2, 3), (3, 2), (4, 8)]
[(1, 122), (2, 20), (3, 92), (4, 22)]
[(1, 50), (2, 90), (3, 111), (4, 5)]
[(1, 32), (2, 23), (3, 192), (4, 9)]
[(1, 66), (2, 26), (3, 111), (4, 53)]
[(1, 6), (2, 169), (3, 28), (4, 53)]
[(1, 14), (2, 176), (3, 52), (4, 14)]
[(1, 22), (2, 134), (3, 89), (4, 11)]
[(1, 5), (2, 204), (3, 44), (4, 3)]
[(1, 58), (2, 31), (3, 21), (4, 146)]
[(1, 122), (2, 12), (3, 93), (4, 29)]
[(1, 16), (2, 41), (3, 51), (4, 148)]
[(1, 64), (2, 35), (3, 66), (4, 91)]
[(1, 102), (2, 18), (3, 106), (4, 30)]
[(1, 13), (2, 4), (3, 181), (4, 58)]
[(1, 35), (2, 17), (3, 44), (4, 160)]
[(1, 113), (2, 47), (3, 73), (4, 23)]
[(1, 102), (2, 63), (3, 5), (4, 86)]
[(1, 14), (2, 87), (3, 98), (4, 57)]
[(1, 68), (2, 25), (3, 129), (4, 34)]
[(1, 7), (2, 78), (3, 83), (4, 88)]
[(1, 125), (2, 101), (3, 18), (4, 12)]
[(1, 74), (2, 65), (3, 98), (4, 19)]
[(1, 2), (2, 64), (3, 125), (4, 65)]
[(1, 119), (2, 5), (3, 87), (4, 45)]
[(1, 92), (2, 24), (3, 130), (4, 10)]
[(1, 36), (2, 11), (3, 144), (4, 65)]
[(1, 72), (2, 56), (3, 79), (4, 49)]
[(1, 130), (2, 2), (3, 9), (4, 115)]
[(1, 99), (2, 46), (3, 8), (4, 103)]
[(1, 62), (2, 18), (3, 66), (4, 110)]
[(1, 56), (2, 106), (3, 26), (4, 68)]
[(1, 4), (2, 38), (3, 106), (4, 108)]
[(1, 51), (2, 117), (3, 9), (4, 79)]
[(1, 7), (2, 108), (3, 2), (4, 139)]
[(1, 41), (2, 165), (3, 19), (4, 31)]
[(1, 20), (2, 63), (3, 34), (4, 139)]
[(1, 74), (2, 48), (3, 30), (4, 104)]
[(1, 31), (2, 17), (3, 50), (4, 158)]
[(1, 13), (2, 13), (3, 81), (4, 149)]
[(1, 39), (2, 31), (3, 99), (4, 87)]
[(1, 61), (2, 53), (3, 55), (4, 87)]
[(1, 45), (2, 8), (3, 122), (4, 81)]
[(1, 71), (2, 88), (3, 70), (4, 27)]
[(1, 25), (2, 186), (3, 37), (4, 8)]
[(1, 65), (2, 9), (3, 148), (4, 34)]
[(1, 74), (2, 25), (3, 140), (4, 17)]
[(1, 50), (2, 20), (3, 102), (4, 84)]
[(1, 105), (2, 88), (3, 20), (4, 43)]
[(1, 40), (2, 171), (3, 31), (4, 14)]
[(1, 23), (2, 49), (3, 119), (4, 65)]
[(1, 112), (2, 108), (3, 28), (4, 8)]
[(1, 15), (2, 39), (3, 90), (4, 112)]
[(1, 56), (2, 111), (3, 64), (4, 25)]
[(1, 14), (2, 20), (3, 144), (4, 78)]
[(1, 83), (2, 77), (3, 29), (4, 67)]
[(1, 17), (2, 155), (3, 58), (4, 26)]
[(1, 128), (2, 11), (3, 11), (4, 106)]
[(1, 112), (2, 32), (3, 24), (4, 88)]
[(1, 103), (2, 44), (3, 72), (4, 37)]
[(1, 64), (2, 5), (3, 142), (4, 45)]
[(1, 65), (2, 101), (3, 35), (4, 55)]
[(1, 57), (2, 90), (3, 28), (4, 81)]
[(1, 40), (2, 21), (3, 14), (4, 181)]
[(1, 165), (2, 2), (3, 23), (4, 66)]
[(1, 25), (2, 31), (3, 10), (4, 190)]
[(1, 74), (2, 134), (3, 37), (4, 11)]
[(1, 45), (2, 75), (3, 79), (4, 57)]
[(1, 22), (2, 107), (3, 16), (4, 111)]
[(1, 22), (2, 84), (3, 34), (4, 116)]
[(1, 55), (2, 20), (3, 105), (4, 76)]
[(1, 14), (2, 187), (3, 31), (4, 24)]
[(1, 81), (2, 82), (3, 21), (4, 72)]
[(1, 4), (2, 97), (3, 21), (4, 134)]
[(1, 27), (2, 146), (3, 21), (4, 62)]
[(1, 27), (2, 42), (3, 71), (4, 116)]
[(1, 82), (2, 59), (3, 44), (4, 71)]
[(1, 40), (2, 51), (3, 86), (4, 79)]
[(1, 173), (2, 30), (3, 9), (4, 44)]
[(1, 10), (2, 119), (3, 25), (4, 102)]
[(1, 16), (2, 93), (3, 2), (4, 145)]
[(1, 130), (2, 34), (3, 29), (4, 63)]
[(1, 48), (2, 63), (3, 125), (4, 20)]
[(1, 93), (2, 23), (3, 16), (4, 124)]
[(1, 45), (2, 154), (3, 45), (4, 12)]
[(1, 130), (2, 64), (3, 8), (4, 54)]
[(1, 134), (2, 3), (3, 8), (4, 111)]
[(1, 55), (2, 10), (3, 60), (4, 131)]
[(1, 28), (2, 66), (3, 52), (4, 110)]
[(1, 50), (2, 66), (3, 37), (4, 103)]
[(1, 69), (2, 56), (3, 40), (4, 91)]
[(1, 47), (2, 40), (3, 46), (4, 123)]
[(1, 34), (2, 131), (3, 87), (4, 4)]
[(1, 13), (2, 24), (3, 80), (4, 139)]
[(1, 116), (2, 12), (3, 113), (4, 15)]
[(1, 57), (2, 49), (3, 24), (4, 126)]
[(1, 78), (2, 59), (3, 42), (4, 77)]
[(1, 47), (2, 75), (3, 122), (4, 12)]
[(1, 208), (2, 12), (3, 25), (4, 11)]
[(1, 113), (2, 43), (3, 35), (4, 65)]
[(1, 31), (2, 158), (3, 41), (4, 26)]
[(1, 39), (2, 140), (3, 74), (4, 3)]
[(1, 134), (2, 64), (3, 27), (4, 31)]
[(1, 33), (2, 67), (3, 127), (4, 29)]
[(1, 4), (2, 137), (3, 36), (4, 79)]
[(1, 12), (2, 76), (3, 76), (4, 92)]
[(1, 84), (2, 41), (3, 100), (4, 31)]
[(1, 73), (2, 19), (3, 42), (4, 122)]
[(1, 89), (2, 45), (3, 101), (4, 21)]
[(1, 13), (2, 121), (3, 55), (4, 67)]
[(1, 77), (2, 44), (3, 64), (4, 71)]
[(1, 24), (2, 34), (3, 7), (4, 191)]
[(1, 82), (2, 104), (3, 26), (4, 44)]
[(1, 27), (2, 127), (3, 48), (4, 54)]
[(1, 14), (2, 121), (3, 106), (4, 15)]
[(1, 12), (2, 45), (3, 89), (4, 110)]
[(1, 61), (2, 12), (3, 20), (4, 163)]
[(1, 45), (2, 51), (3, 55), (4, 105)]
[(1, 99), (2, 42), (3, 59), (4, 56)]
[(1, 206), (2, 3), (3, 42), (4, 5)]
[(1, 66), (2, 82), (3, 28), (4, 80)]
[(1, 22), (2, 102), (3, 111), (4, 21)]
[(1, 8), (2, 85), (3, 160), (4, 3)]
[(1, 186), (2, 49), (3, 15), (4, 6)]
[(1, 186), (2, 48), (3, 16), (4, 6)]
[(1, 146), (2, 18), (3, 57), (4, 35)]
[(1, 32), (2, 34), (3, 50), (4, 140)]
[(1, 91), (2, 21), (3, 4), (4, 140)]
[(1, 173), (2, 23), (3, 31), (4, 29)]
[(1, 21), (2, 170), (3, 9), (4, 56)]
[(1, 86), (2, 98), (3, 68), (4, 4)]
[(1, 163), (2, 20), (3, 27), (4, 46)]
[(1, 18), (2, 91), (3, 103), (4, 44)]
[(1, 7), (2, 30), (3, 73), (4, 146)]
[(1, 96), (2, 9), (3, 65), (4, 86)]
[(1, 93), (2, 70), (3, 39), (4, 54)]
[(1, 10), (2, 75), (3, 48), (4, 123)]
[(1, 19), (2, 12), (3, 72), (4, 153)]
[(1, 197), (2, 35), (3, 2), (4, 22)]
[(1, 60), (2, 11), (3, 133), (4, 52)]
[(1, 8), (2, 147), (3, 49), (4, 52)]
[(1, 244), (2, 18), (3, 158), (4, 414), (5, 190)]
[(1, 138), (2, 27), (3, 63), (4, 788), (5, 8)]
[(1, 556), (2, 72), (3, 218), (4, 21), (5, 157)]
[(1, 262), (2, 339), (3, 116), (4, 265), (5, 42)]
[(1, 202), (2, 445), (3, 20), (4, 217), (5, 140)]
[(1, 390), (2, 196), (3, 107), (4, 264), (5, 67)]
[(1, 118), (2, 102), (3, 210), (4, 334), (5, 260)]
[(1, 132), (2, 262), (3, 220), (4, 220), (5, 190)]
[(1, 436), (2, 11), (3, 232), (4, 119), (5, 226)]
[(1, 311), (2, 596), (3, 7), (4, 87), (5, 23)]
[(1, 273), (2, 215), (3, 223), (4, 32), (5, 281)]
[(1, 236), (2, 139), (3, 127), (4, 121), (5, 401)]
[(1, 46), (2, 88), (3, 231), (4, 93), (5, 566)]
[(1, 159), (2, 28), (3, 572), (4, 100), (5, 165)]
[(1, 271), (2, 275), (3, 93), (4, 247), (5, 138)]
[(1, 44), (2, 364), (3, 181), (4, 341), (5, 94)]
[(1, 285), (2, 128), (3, 51), (4, 87), (5, 473)]
[(1, 149), (2, 31), (3, 107), (4, 507), (5, 230)]
[(1, 69), (2, 182), (3, 308), (4, 40), (5, 425)]
[(1, 241), (2, 52), (3, 37), (4, 130), (5, 564)]
[(1, 229), (2, 73), (3, 607), (4, 26), (5, 89)]
[(1, 115), (2, 156), (3, 76), (4, 397), (5, 280)]
[(1, 180), (2, 389), (3, 91), (4, 331), (5, 33)]
[(1, 30), (2, 102), (3, 153), (4, 288), (5, 451)]
[(1, 41), (2, 544), (3, 310), (4, 38), (5, 91)]
[(1, 295), (2, 38), (3, 317), (4, 119), (5, 255)]
[(1, 214), (2, 224), (3, 223), (4, 119), (5, 244)]
[(1, 261), (2, 71), (3, 117), (4, 178), (5, 397)]
[(1, 63), (2, 535), (3, 65), (4, 60), (5, 301)]
[(1, 175), (2, 4), (3, 196), (4, 606), (5, 43)]
[(1, 131), (2, 292), (3, 324), (4, 3), (5, 274)]
[(1, 172), (2, 448), (3, 131), (4, 225), (5, 48)]
[(1, 83), (2, 28), (3, 882), (4, 26), (5, 5)]
[(1, 795), (2, 5), (3, 35), (4, 2), (5, 187)]
[(1, 89), (2, 118), (3, 464), (4, 44), (5, 309)]
[(1, 595), (2, 100), (3, 93), (4, 179), (5, 57)]
[(1, 118), (2, 70), (3, 523), (4, 183), (5, 130)]
[(1, 44), (2, 242), (3, 200), (4, 349), (5, 189)]
[(1, 44), (2, 216), (3, 424), (4, 50), (5, 290)]
[(1, 480), (2, 61), (3, 274), (4, 196), (5, 13)]
[(1, 252), (2, 134), (3, 252), (4, 314), (5, 72)]
[(1, 74), (2, 11), (3, 501), (4, 110), (5, 328)]
[(1, 618), (2, 3), (3, 181), (4, 182), (5, 40)]
[(1, 60), (2, 354), (3, 40), (4, 352), (5, 218)]
[(1, 342), (2, 155), (3, 258), (4, 224), (5, 45)]
[(1, 143), (2, 256), (3, 62), (4, 86), (5, 477)]
[(1, 113), (2, 334), (3, 422), (4, 44), (5, 111)]
[(1, 222), (2, 220), (3, 105), (4, 169), (5, 308)]
[(1, 356), (2, 250), (3, 22), (4, 311), (5, 85)]
[(1, 115), (2, 155), (3, 110), (4, 63), (5, 581)]
[(1, 134), (2, 116), (3, 290), (4, 274), (5, 210)]
[(1, 237), (2, 58), (3, 54), (4, 628), (5, 47)]
[(1, 231), (2, 149), (3, 239), (4, 150), (5, 255)]
[(1, 233), (2, 550), (3, 30), (4, 205), (5, 6)]
[(1, 222), (2, 121), (3, 37), (4, 538), (5, 106)]
[(1, 338), (2, 142), (3, 158), (4, 101), (5, 285)]
[(1, 61), (2, 672), (3, 152), (4, 117), (5, 22)]
[(1, 33), (2, 401), (3, 478), (4, 45), (5, 67)]
[(1, 136), (2, 355), (3, 316), (4, 124), (5, 93)]
[(1, 519), (2, 76), (3, 316), (4, 25), (5, 88)]
[(1, 170), (2, 58), (3, 302), (4, 207), (5, 287)]
[(1, 124), (2, 155), (3, 347), (4, 254), (5, 144)]
[(1, 374), (2, 311), (3, 180), (4, 57), (5, 102)]
[(1, 258), (2, 175), (3, 313), (4, 246), (5, 32)]
[(1, 32), (2, 136), (3, 113), (4, 640), (5, 103)]
[(1, 323), (2, 62), (3, 189), (4, 238), (5, 212)]
[(1, 730), (2, 96), (3, 11), (4, 4), (5, 183)]
[(1, 393), (2, 53), (3, 69), (4, 303), (5, 206)]
[(1, 154), (2, 109), (3, 684), (4, 30), (5, 47)]
[(1, 124), (2, 348), (3, 171), (4, 328), (5, 53)]
[(1, 312), (2, 19), (3, 404), (4, 4), (5, 285)]
[(1, 123), (2, 14), (3, 8), (4, 398), (5, 481)]
[(1, 137), (2, 372), (3, 322), (4, 108), (5, 85)]
[(1, 6), (2, 336), (3, 540), (4, 129), (5, 13)]
[(1, 196), (2, 11), (3, 125), (4, 383), (5, 309)]
[(1, 429), (2, 94), (3, 36), (4, 273), (5, 192)]
[(1, 132), (2, 65), (3, 307), (4, 472), (5, 48)]
[(1, 37), (2, 61), (3, 618), (4, 90), (5, 218)]
[(1, 138), (2, 376), (3, 91), (4, 256), (5, 163)]
[(1, 121), (2, 140), (3, 37), (4, 99), (5, 627)]
[(1, 199), (2, 697), (3, 68), (4, 51), (5, 9)]
[(1, 602), (2, 139), (3, 128), (4, 73), (5, 82)]
[(1, 154), (2, 355), (3, 77), (4, 428), (5, 10)]
[(1, 597), (2, 80), (3, 75), (4, 225), (5, 47)]
[(1, 265), (2, 272), (3, 286), (4, 109), (5, 92)]
[(1, 352), (2, 39), (3, 3), (4, 84), (5, 546)]
[(1, 173), (2, 92), (3, 630), (4, 75), (5, 54)]
[(1, 137), (2, 460), (3, 131), (4, 105), (5, 191)]
[(1, 72), (2, 218), (3, 82), (4, 164), (5, 488)]
[(1, 278), (2, 52), (3, 168), (4, 412), (5, 114)]
[(1, 258), (2, 187), (3, 248), (4, 102), (5, 229)]
[(1, 209), (2, 120), (3, 540), (4, 60), (5, 95)]
[(1, 137), (2, 109), (3, 579), (4, 88), (5, 111)]
[(1, 459), (2, 134), (3, 62), (4, 103), (5, 266)]
[(1, 63), (2, 13), (3, 123), (4, 817), (5, 8)]
[(1, 742), (2, 54), (3, 67), (4, 31), (5, 130)]
[(1, 179), (2, 254), (3, 289), (4, 99), (5, 203)]
[(1, 575), (2, 98), (3, 78), (4, 193), (5, 80)]
[(1, 219), (2, 483), (3, 17), (4, 173), (5, 132)]
[(1, 144), (2, 504), (3, 160), (4, 7), (5, 209)]
[(1, 227), (2, 85), (3, 121), (4, 212), (5, 379)]
[(1, 338), (2, 9), (3, 143), (4, 484), (5, 50)]
[(1, 109), (2, 622), (3, 265), (4, 25), (5, 3)]
[(1, 57), (2, 499), (3, 244), (4, 60), (5, 164)]
[(1, 115), (2, 283), (3, 119), (4, 346), (5, 161)]
[(1, 34), (2, 9), (3, 287), (4, 454), (5, 240)]
[(1, 16), (2, 658), (3, 130), (4, 86), (5, 134)]
[(1, 525), (2, 264), (3, 12), (4, 140), (5, 83)]
[(1, 223), (2, 60), (3, 145), (4, 458), (5, 138)]
[(1, 232), (2, 449), (3, 75), (4, 204), (5, 64)]
[(1, 35), (2, 6), (3, 229), (4, 724), (5, 30)]
[(1, 167), (2, 38), (3, 180), (4, 451), (5, 188)]
[(1, 365), (2, 219), (3, 147), (4, 210), (5, 83)]
[(1, 368), (2, 22), (3, 255), (4, 79), (5, 300)]
[(1, 299), (2, 429), (3, 182), (4, 34), (5, 80)]
[(1, 558), (2, 243), (3, 121), (4, 77), (5, 25)]
[(1, 504), (2, 110), (3, 201), (4, 9), (5, 200)]
[(1, 453), (2, 134), (3, 102), (4, 235), (5, 100)]
[(1, 445), (2, 26), (3, 197), (4, 284), (5, 72)]
[(1, 433), (2, 410), (3, 35), (4, 33), (5, 113)]
[(1, 138), (2, 254), (3, 81), (4, 238), (5, 313)]
[(1, 107), (2, 580), (3, 41), (4, 58), (5, 238)]
[(1, 177), (2, 297), (3, 81), (4, 437), (5, 32)]
[(1, 208), (2, 71), (3, 174), (4, 142), (5, 429)]
[(1, 432), (2, 13), (3, 369), (4, 99), (5, 111)]
[(1, 111), (2, 356), (3, 108), (4, 98), (5, 351)]
[(1, 162), (2, 452), (3, 4), (4, 125), (5, 281)]
[(1, 172), (2, 92), (3, 412), (4, 240), (5, 108)]
[(1, 314), (2, 224), (3, 282), (4, 130), (5, 74)]
[(1, 318), (2, 123), (3, 234), (4, 237), (5, 112)]
[(1, 170), (2, 479), (3, 16), (4, 222), (5, 137)]
[(1, 227), (2, 281), (3, 46), (4, 26), (5, 444)]
[(1, 127), (2, 426), (3, 57), (4, 120), (5, 294)]
[(1, 269), (2, 37), (3, 452), (4, 251), (5, 15)]
[(1, 334), (2, 98), (3, 54), (4, 123), (5, 415)]
[(1, 22), (2, 14), (3, 415), (4, 479), (5, 94)]
[(1, 236), (2, 92), (3, 223), (4, 265), (5, 208)]
[(1, 343), (2, 55), (3, 196), (4, 98), (5, 332)]
[(1, 107), (2, 169), (3, 498), (4, 206), (5, 44)]
[(1, 396), (2, 115), (3, 275), (4, 219), (5, 19)]
[(1, 192), (2, 102), (3, 642), (4, 17), (5, 71)]
[(1, 19), (2, 74), (3, 230), (4, 682), (5, 19)]
[(1, 138), (2, 207), (3, 89), (4, 257), (5, 333)]
[(1, 395), (2, 180), (3, 98), (4, 110), (5, 241)]
[(1, 212), (2, 389), (3, 83), (4, 111), (5, 229)]
[(1, 133), (2, 363), (3, 299), (4, 62), (5, 167)]
[(1, 183), (2, 295), (3, 138), (4, 34), (5, 374)]
[(1, 26), (2, 516), (3, 401), (4, 16), (5, 65)]
[(1, 225), (2, 140), (3, 38), (4, 487), (5, 134)]
[(1, 8), (2, 225), (3, 293), (4, 131), (5, 367)]
[(1, 294), (2, 3), (3, 238), (4, 341), (5, 148)]
[(1, 389), (2, 46), (3, 123), (4, 315), (5, 151)]
[(1, 15), (2, 6), (3, 291), (4, 576), (5, 136)]
[(1, 223), (2, 373), (3, 31), (4, 253), (5, 144)]
[(1, 13), (2, 75), (3, 653), (4, 4), (5, 279)]
[(1, 8), (2, 159), (3, 182), (4, 58), (5, 617)]
[(1, 99), (2, 773), (3, 13), (4, 51), (5, 88)]
[(1, 18), (2, 43), (3, 417), (4, 466), (5, 80)]
[(1, 290), (2, 193), (3, 119), (4, 228), (5, 194)]
[(1, 353), (2, 95), (3, 187), (4, 295), (5, 94)]
[(1, 209), (2, 87), (3, 40), (4, 485), (5, 203)]
[(1, 128), (2, 550), (3, 3), (4, 187), (5, 156)]
[(1, 55), (2, 28), (3, 57), (4, 712), (5, 172)]
[(1, 101), (2, 257), (3, 71), (4, 206), (5, 389)]
[(1, 7), (2, 226), (3, 106), (4, 410), (5, 275)]
[(1, 592), (2, 183), (3, 190), (4, 34), (5, 25)]
[(1, 416), (2, 115), (3, 267), (4, 180), (5, 46)]
[(1, 69), (2, 392), (3, 383), (4, 7), (5, 173)]
[(1, 388), (2, 37), (3, 235), (4, 192), (5, 172)]
[(1, 170), (2, 100), (3, 471), (4, 30), (5, 253)]
[(1, 181), (2, 258), (3, 250), (4, 65), (5, 270)]
[(1, 584), (2, 102), (3, 168), (4, 168), (5, 2)]
[(1, 488), (2, 25), (3, 55), (4, 221), (5, 235)]
[(1, 552), (2, 65), (3, 124), (4, 84), (5, 199)]
[(1, 413), (2, 189), (3, 41), (4, 160), (5, 221)]
[(1, 56), (2, 605), (3, 78), (4, 56), (5, 229)]
[(1, 135), (2, 81), (3, 47), (4, 82), (5, 679)]
[(1, 191), (2, 42), (3, 49), (4, 295), (5, 447)]
[(1, 755), (2, 29), (3, 75), (4, 77), (5, 88)]
[(1, 470), (2, 25), (3, 239), (4, 19), (5, 271)]
[(1, 409), (2, 129), (3, 186), (4, 291), (5, 9)]
[(1, 117), (2, 55), (3, 209), (4, 538), (5, 105)]
[(1, 180), (2, 91), (3, 9), (4, 106), (5, 638)]
[(1, 293), (2, 275), (3, 306), (4, 43), (5, 107)]
[(1, 83), (2, 230), (3, 204), (4, 455), (5, 52)]
[(1, 523), (2, 195), (3, 266), (4, 32), (5, 8)]
[(1, 282), (2, 70), (3, 224), (4, 200), (5, 248)]
[(1, 182), (2, 175), (3, 421), (4, 168), (5, 78)]
[(1, 80), (2, 120), (3, 515), (4, 164), (5, 145)]
[(1, 259), (2, 16), (3, 61), (4, 343), (5, 345)]
[(1, 480), (2, 133), (3, 237), (4, 57), (5, 117)]
[(1, 535), (2, 26), (3, 132), (4, 103), (5, 228)]
[(1, 202), (2, 59), (3, 487), (4, 266), (5, 10)]
[(1, 126), (2, 38), (3, 412), (4, 220), (5, 228)]
[(1, 74), (2, 166), (3, 390), (4, 49), (5, 345)]
[(1, 303), (2, 73), (3, 206), (4, 410), (5, 32)]
[(1, 457), (2, 40), (3, 4), (4, 318), (5, 205)]
[(1, 232), (2, 564), (3, 70), (4, 86), (5, 72)]
[(1, 403), (2, 33), (3, 147), (4, 106), (5, 335)]
[(1, 83), (2, 50), (3, 501), (4, 69), (5, 321)]
[(1, 621), (2, 351), (3, 28), (4, 22), (5, 2)]
[(1, 250), (2, 253), (3, 37), (4, 166), (5, 318)]
[(1, 169), (2, 193), (3, 204), (4, 249), (5, 209)]
[(1, 26), (2, 83), (3, 143), (4, 485), (5, 287)]
[(1, 183), (2, 791), (3, 14), (4, 34), (5, 2)]
[(1, 159), (2, 436), (3, 65), (4, 67), (5, 297)]
[(1, 87), (2, 195), (3, 390), (4, 257), (5, 95)]
[(1, 312), (2, 36), (3, 138), (4, 95), (5, 443)]
[(1, 398), (2, 147), (3, 91), (4, 29), (5, 359)]
[(1, 71), (2, 184), (3, 51), (4, 178), (5, 540)]
[(1, 332), (2, 430), (3, 46), (4, 62), (5, 154)]
[(1, 52), (2, 53), (3, 262), (4, 2), (5, 655)]
[(1, 289), (2, 170), (3, 101), (4, 216), (5, 248)]
[(1, 263), (2, 282), (3, 110), (4, 151), (5, 218)]
[(1, 169), (2, 120), (3, 427), (4, 129), (5, 179)]
[(1, 81), (2, 300), (3, 170), (4, 449), (5, 24)]
[(1, 68), (2, 34), (3, 133), (4, 278), (5, 511)]
[(1, 477), (2, 142), (3, 252), (4, 29), (5, 124)]
[(1, 20), (2, 27), (3, 101), (4, 771), (5, 105)]
[(1, 273), (2, 27), (3, 100), (4, 428), (5, 196)]
[(1, 373), (2, 151), (3, 8), (4, 466), (5, 26)]
[(1, 409), (2, 88), (3, 226), (4, 265), (5, 36)]
[(1, 129), (2, 291), (3, 10), (4, 491), (5, 103)]
[(1, 189), (2, 504), (3, 198), (4, 80), (5, 53)]
[(1, 272), (2, 43), (3, 306), (4, 15), (5, 388)]
[(1, 342), (2, 75), (3, 29), (4, 394), (5, 184)]
[(1, 56), (2, 72), (3, 307), (4, 415), (5, 174)]
[(1, 12), (2, 50), (3, 206), (4, 423), (5, 333)]
[(1, 136), (2, 304), (3, 27), (4, 482), (5, 75)]
[(1, 78), (2, 163), (3, 334), (4, 92), (5, 357)]
[(1, 566), (2, 138), (3, 9), (4, 301), (5, 10)]
[(1, 229), (2, 16), (3, 155), (4, 68), (5, 556)]
[(1, 39), (2, 576), (3, 2), (4, 358), (5, 49)]
[(1, 123), (2, 172), (3, 278), (4, 178), (5, 273)]
[(1, 293), (2, 131), (3, 5), (4, 419), (5, 176)]
[(1, 197), (2, 37), (3, 433), (4, 235), (5, 122)]
[(1, 392), (2, 22), (3, 20), (4, 166), (5, 424)]
[(1, 145), (2, 198), (3, 11), (4, 544), (5, 126)]
[(1, 126), (2, 177), (3, 154), (4, 314), (5, 253)]
[(1, 280), (2, 227), (3, 19), (4, 97), (5, 401)]
[(1, 46), (2, 220), (3, 256), (4, 185), (5, 317)]
[(1, 523), (2, 62), (3, 72), (4, 90), (5, 277)]
[(1, 137), (2, 23), (3, 238), (4, 263), (5, 363)]
[(1, 320), (2, 208), (3, 37), (4, 221), (5, 238)]
[(1, 43), (2, 435), (3, 79), (4, 217), (5, 250)]
[(1, 231), (2, 292), (3, 372), (4, 5), (5, 124)]
[(1, 279), (2, 104), (3, 153), (4, 351), (5, 137)]
[(1, 189), (2, 235), (3, 159), (4, 369), (5, 72)]
[(1, 41), (2, 233), (3, 107), (4, 261), (5, 382)]
[(1, 219), (2, 105), (3, 424), (4, 222), (5, 54)]
[(1, 9), (2, 97), (3, 727), (4, 7), (5, 184)]
[(1, 130), (2, 534), (3, 137), (4, 177), (5, 46)]
[(1, 29), (2, 835), (3, 3), (4, 65), (5, 92)]
[(1, 513), (2, 70), (3, 131), (4, 210), (5, 100)]
[(1, 532), (2, 235), (3, 59), (4, 163), (5, 35)]
[(1, 263), (2, 156), (3, 310), (4, 30), (5, 265)]
[(1, 475), (2, 7), (3, 88), (4, 141), (5, 313)]
[(1, 26), (2, 88), (3, 335), (4, 221), (5, 354)]
[(1, 22), (2, 122), (3, 71), (4, 208), (5, 601)]
[(1, 381), (2, 116), (3, 292), (4, 230), (5, 5)]
[(1, 389), (2, 154), (3, 249), (4, 135), (5, 97)]
[(1, 44), (2, 216), (3, 398), (4, 125), (5, 241)]
[(1, 202), (2, 253), (3, 289), (4, 257), (5, 23)]
[(1, 295), (2, 52), (3, 184), (4, 230), (5, 263)]
[(1, 140), (2, 479), (3, 66), (4, 14), (5, 325)]
[(1, 137), (2, 87), (3, 509), (4, 210), (5, 81)]
[(1, 145), (2, 14), (3, 491), (4, 274), (5, 100)]
[(1, 449), (2, 42), (3, 361), (4, 105), (5, 67)]
[(1, 50), (2, 52), (3, 279), (4, 451), (5, 192)]
[(1, 590), (2, 51), (3, 148), (4, 141), (5, 94)]
[(1, 65), (2, 204), (3, 294), (4, 457), (5, 4)]
[(1, 467), (2, 41), (3, 65), (4, 38), (5, 413)]
[(1, 18), (2, 5), (3, 671), (4, 210), (5, 120)]
[(1, 38), (2, 524), (3, 178), (4, 10), (5, 274)]
[(1, 68), (2, 102), (3, 81), (4, 384), (5, 389)]
[(1, 55), (2, 273), (3, 19), (4, 151), (5, 526)]
[(1, 429), (2, 130), (3, 16), (4, 439), (5, 10)]
[(1, 2), (2, 483), (3, 63), (4, 64), (5, 412)]
[(1, 108), (2, 154), (3, 91), (4, 53), (5, 618)]
[(1, 113), (2, 222), (3, 92), (4, 211), (5, 386)]
[(1, 223), (2, 594), (3, 38), (4, 69), (5, 100)]
[(1, 231), (2, 8), (3, 432), (4, 247), (5, 106)]
[(1, 23), (2, 195), (3, 204), (4, 556), (5, 46)]
[(1, 104), (2, 304), (3, 254), (4, 239), (5, 123)]
[(1, 431), (2, 21), (3, 201), (4, 360), (5, 11)]
[(1, 144), (2, 171), (3, 138), (4, 265), (5, 306)]
[(1, 116), (2, 334), (3, 252), (4, 297), (5, 25)]
[(1, 231), (2, 31), (3, 383), (4, 90), (5, 289)]
[(1, 26), (2, 146), (3, 208), (4, 250), (5, 394)]
[(1, 393), (2, 53), (3, 105), (4, 378), (5, 95)]
[(1, 133), (2, 153), (3, 282), (4, 102), (5, 354)]
[(1, 145), (2, 687), (3, 34), (4, 121), (5, 37)]
[(1, 200), (2, 114), (3, 283), (4, 304), (5, 123)]
[(1, 200), (2, 29), (3, 209), (4, 299), (5, 287)]
[(1, 437), (2, 44), (3, 161), (4, 167), (5, 215)]
[(1, 139), (2, 49), (3, 363), (4, 200), (5, 273)]
[(1, 291), (2, 165), (3, 246), (4, 133), (5, 189)]
[(1, 26), (2, 470), (3, 112), (4, 64), (5, 352)]
[(1, 156), (2, 97), (3, 410), (4, 70), (5, 291)]
[(1, 182), (2, 162), (3, 72), (4, 429), (5, 179)]
[(1, 452), (2, 76), (3, 297), (4, 60), (5, 139)]
[(1, 63), (2, 132), (3, 192), (4, 480), (5, 157)]
[(1, 395), (2, 188), (3, 67), (4, 326), (5, 48)]
[(1, 176), (2, 80), (3, 678), (4, 23), (5, 67)]
[(1, 315), (2, 300), (3, 226), (4, 44), (5, 139)]
[(1, 536), (2, 124), (3, 130), (4, 36), (5, 198)]
[(1, 96), (2, 271), (3, 99), (4, 398), (5, 160)]
[(1, 98), (2, 633), (3, 109), (4, 39), (5, 145)]
[(1, 103), (2, 140), (3, 67), (4, 473), (5, 241)]
[(1, 192), (2, 506), (3, 181), (4, 67), (5, 78)]
[(1, 187), (2, 113), (3, 585), (4, 127), (5, 12)]
[(1, 383), (2, 239), (3, 173), (4, 47), (5, 182)]
[(1, 531), (2, 11), (3, 175), (4, 131), (5, 176)]
[(1, 73), (2, 226), (3, 409), (4, 156), (5, 160)]
[(1, 480), (2, 49), (3, 46), (4, 313), (5, 136)]
[(1, 19), (2, 58), (3, 90), (4, 765), (5, 92)]
[(1, 96), (2, 161), (3, 69), (4, 432), (5, 266)]
[(1, 22), (2, 90), (3, 171), (4, 729), (5, 12)]
[(1, 39), (2, 117), (3, 167), (4, 14), (5, 687)]
[(1, 485), (2, 44), (3, 177), (4, 286), (5, 32)]
[(1, 216), (2, 321), (3, 353), (4, 10), (5, 124)]
[(1, 259), (2, 116), (3, 94), (4, 248), (5, 307)]
[(1, 55), (2, 7), (3, 330), (4, 400), (5, 232)]
[(1, 152), (2, 80), (3, 527), (4, 102), (5, 163)]
[(1, 64), (2, 214), (3, 167), (4, 514), (5, 65)]
[(1, 420), (2, 242), (3, 109), (4, 203), (5, 50)]
[(1, 179), (2, 4), (3, 526), (4, 139), (5, 176)]
[(1, 228), (2, 112), (3, 151), (4, 297), (5, 236)]
[(1, 631), (2, 53), (3, 198), (4, 103), (5, 39)]
[(1, 311), (2, 80), (3, 82), (4, 81), (5, 470)]
[(1, 284), (2, 31), (3, 106), (4, 182), (5, 421)]
[(1, 356), (2, 39), (3, 207), (4, 149), (5, 273)]
[(1, 244), (2, 82), (3, 173), (4, 357), (5, 168)]
[(1, 326), (2, 56), (3, 385), (4, 13), (5, 244)]
[(1, 284), (2, 166), (3, 481), (4, 88), (5, 5)]
[(1, 19), (2, 457), (3, 458), (4, 42), (5, 48)]
[(1, 122), (2, 118), (3, 655), (4, 118), (5, 11)]
[(1, 47), (2, 375), (3, 81), (4, 518), (5, 3)]
[(1, 57), (2, 138), (3, 23), (4, 11), (5, 795)]
[(1, 113), (2, 326), (3, 20), (4, 501), (5, 64)]
[(1, 51), (2, 295), (3, 182), (4, 241), (5, 255)]
[(1, 142), (2, 368), (3, 296), (4, 46), (5, 172)]
[(1, 26), (2, 284), (3, 66), (4, 35), (5, 613)]
[(1, 141), (2, 726), (3, 105), (4, 32), (5, 20)]
[(1, 105), (2, 126), (3, 83), (4, 158), (5, 552)]
[(1, 35), (2, 426), (3, 317), (4, 146), (5, 100)]
[(1, 68), (2, 526), (3, 120), (4, 300), (5, 10)]
[(1, 336), (2, 237), (3, 129), (4, 288), (5, 34)]
[(1, 337), (2, 156), (3, 26), (4, 393), (5, 112)]
[(1, 23), (2, 161), (3, 144), (4, 21), (5, 675)]
[(1, 185), (2, 82), (3, 249), (4, 55), (5, 453)]
[(1, 172), (2, 252), (3, 60), (4, 449), (5, 91)]
[(1, 313), (2, 399), (3, 75), (4, 112), (5, 125)]
[(1, 428), (2, 298), (3, 61), (4, 201), (5, 36)]
[(1, 60), (2, 403), (3, 444), (4, 64), (5, 53)]
[(1, 22), (2, 850), (3, 22), (4, 64), (5, 66)]
[(1, 502), (2, 434), (3, 35), (4, 18), (5, 35)]
[(1, 347), (2, 271), (3, 128), (4, 76), (5, 202)]
[(1, 84), (2, 367), (3, 420), (4, 12), (5, 141)]
[(1, 263), (2, 21), (3, 187), (4, 372), (5, 181)]
[(1, 246), (2, 98), (3, 245), (4, 390), (5, 45)]
[(1, 128), (2, 165), (3, 72), (4, 39), (5, 620)]
[(1, 12), (2, 138), (3, 301), (4, 242), (5, 331)]
[(1, 817), (2, 117), (3, 56), (4, 11), (5, 23)]
[(1, 180), (2, 277), (3, 260), (4, 235), (5, 72)]
[(1, 652), (2, 263), (3, 15), (4, 48), (5, 46)]
[(1, 206), (2, 164), (3, 106), (4, 81), (5, 467)]
[(1, 285), (2, 52), (3, 92), (4, 277), (5, 318)]
[(1, 75), (2, 158), (3, 306), (4, 183), (5, 302)]
[(1, 72), (2, 162), (3, 251), (4, 171), (5, 368)]
[(1, 301), (2, 47), (3, 2), (4, 81), (5, 593)]
[(1, 40), (2, 706), (3, 48), (4, 188), (5, 42)]
[(1, 91), (2, 134), (3, 530), (4, 213), (5, 56)]
[(1, 511), (2, 111), (3, 243), (4, 47), (5, 112)]
[(1, 213), (2, 193), (3, 507), (4, 28), (5, 83)]
[(1, 225), (2, 199), (3, 70), (4, 15), (5, 515)]
[(1, 84), (2, 66), (3, 49), (4, 52), (5, 773)]
[(1, 2), (2, 512), (3, 324), (4, 83), (5, 103)]
[(1, 50), (2, 395), (3, 45), (4, 375), (5, 159)]
[(1, 19), (2, 344), (3, 193), (4, 255), (5, 213)]
[(1, 374), (2, 18), (3, 430), (4, 17), (5, 185)]
[(1, 376), (2, 102), (3, 79), (4, 46), (5, 421)]
[(1, 98), (2, 176), (3, 375), (4, 226), (5, 149)]
[(1, 226), (2, 140), (3, 38), (4, 208), (5, 412)]
[(1, 280), (2, 372), (3, 275), (4, 79), (5, 18)]
[(1, 83), (2, 411), (3, 234), (4, 62), (5, 234)]
[(1, 168), (2, 33), (3, 210), (4, 65), (5, 548)]
[(1, 23), (2, 334), (3, 296), (4, 81), (5, 290)]
[(1, 590), (2, 57), (3, 104), (4, 184), (5, 89)]
[(1, 68), (2, 302), (3, 545), (4, 79), (5, 30)]
[(1, 237), (2, 98), (3, 145), (4, 174), (5, 370)]
[(1, 347), (2, 126), (3, 107), (4, 212), (5, 232)]
[(1, 530), (2, 152), (3, 32), (4, 93), (5, 217)]
[(1, 134), (2, 225), (3, 205), (4, 384), (5, 76)]
[(1, 38), (2, 99), (3, 103), (4, 551), (5, 233)]
[(1, 90), (2, 118), (3, 122), (4, 603), (5, 91)]
[(1, 16), (2, 78), (3, 241), (4, 238), (5, 451)]
[(1, 49), (2, 69), (3, 431), (4, 416), (5, 59)]
[(1, 89), (2, 460), (3, 112), (4, 87), (5, 276)]
[(1, 417), (2, 51), (3, 109), (4, 84), (5, 363)]
  